20, 20, 20, 3134
2 2 2 2 2 2 2 2 2 2 2 2 2 5 3 3 5 4 0 0 
2 2 2 2 2 2 2 2 2 2 2 2 2 5 3 7 3 4 0 0 
2 2 2 2 2 2 2 2 2 2 4 4 4 4 4 5 4 5 4 4 
2 2 2 2 2 2 2 2 4 4 6 3 5 2 2 2 2 4 3 4 
2 2 2 2 2 2 2 2 4 3 6 3 5 2 2 2 2 4 4 4 
2 2 2 2 2 2 2 2 4 4 5 4 4 2 2 2 2 2 2 2 
2 2 2 2 2 2 2 2 2 2 2 4 4 4 2 2 2 2 2 2 
2 2 2 2 2 2 2 2 2 2 2 4 3 4 2 2 2 2 4 4 
2 2 4 4 4 2 2 2 2 2 2 4 4 4 2 2 2 2 4 3 
2 2 4 3 4 2 2 2 2 4 4 4 2 2 2 2 4 4 5 4 
2 2 4 4 4 2 2 2 2 5 3 5 2 2 2 2 4 3 4 2 
2 2 2 2 4 4 4 4 4 6 3 5 2 4 4 4 4 4 4 2 
2 2 2 2 4 3 4 4 3 5 4 4 2 4 3 4 2 2 2 2 
2 2 2 2 4 4 4 4 4 4 2 2 2 4 4 4 4 4 4 2 
2 2 2 2 2 2 2 2 2 2 2 2 2 2 2 4 5 3 4 2 
2 2 2 2 2 2 2 2 2 2 2 2 2 2 2 4 3 5 4 2 
2 2 2 2 2 2 2 2 2 2 2 2 2 2 2 4 4 4 2 2 
2 2 2 2 2 2 2 2 2 2 2 2 2 2 2 2 2 2 2 2 
2 2 2 2 2 2 2 2 2 2 2 2 2 4 4 4 2 2 2 2 
2 2 2 2 2 2 2 2 2 2 2 2 2 4 3 4 2 2 2 2 

1 1 1 1 1 1 1 1 1 1 1 1 1 1 0 0 0 0 0 0 
1 1 1 1 1 1 1 1 1 1 1 1 1 1 0 0 0 0 0 0 
1 1 1 1 1 1 1 1 1 1 1 1 1 1 1 1 1 0 0 0 
1 1 1 1 1 1 1 1 1 1 0 0 1 1 1 1 1 1 0 0 
1 1 1 1 1 1 1 1 1 0 0 0 1 1 1 1 1 1 1 1 
1 1 1 1 1 1 1 1 1 1 1 0 1 1 1 1 1 1 1 1 
1 1 1 1 1 1 1 1 1 1 1 1 0 1 1 1 1 1 1 1 
1 1 1 1 1 1 1 1 1 1 1 1 0 1 1 1 1 1 1 1 
1 1 1 1 1 1 1 1 1 1 1 1 1 1 1 1 1 1 1 0 
1 1 1 0 1 1 1 1 1 1 1 1 1 1 1 1 1 1 0 1 
1 1 1 1 1 1 1 1 1 1 0 1 1 1 1 1 1 0 1 1 
1 1 1 1 1 1 1 1 1 0 0 1 1 1 1 1 1 1 1 1 
1 1 1 1 1 0 0 0 0 0 1 1 1 1 0 1 1 1 1 1 
1 1 1 1 1 1 1 1 1 1 1 1 1 1 1 0 1 1 1 1 
1 1 1 1 1 1 1 1 1 1 1 1 1 1 1 1 0 0 1 1 
1 1 1 1 1 1 1 1 1 1 1 1 1 1 1 1 0 0 1 1 
1 1 1 1 1 1 1 1 1 1 1 1 1 1 1 1 1 1 1 1 
1 1 1 1 1 1 1 1 1 1 1 1 1 1 1 1 1 1 1 1 
1 1 1 1 1 1 1 1 1 1 1 1 1 1 1 1 1 1 1 1 
1 1 1 1 1 1 1 1 1 1 1 1 1 1 0 1 1 1 1 1 

0 0 0 0 0 0 0 0 0 0 0 0 0 0 0 0 0 0 0 0 
0 0 0 0 0 0 0 0 0 0 0 0 0 0 0 0 0 0 0 0 
0 0 0 0 0 0 0 0 0 0 0 0 0 0 0 0 0 0 0 0 
0 0 0 0 0 0 0 0 0 0 0 0 0 0 0 0 0 0 0 0 
0 0 0 0 0 0 0 0 0 0 0 0 0 0 0 0 0 0 0 0 
0 0 0 0 0 0 0 0 0 0 0 0 0 0 0 0 0 0 0 0 
0 0 0 0 0 0 0 0 0 0 0 0 0 0 0 0 0 0 0 0 
0 0 0 0 0 0 0 0 0 0 0 0 0 0 0 0 0 0 0 0 
0 0 0 0 0 0 0 0 0 0 0 0 0 0 0 0 0 0 0 0 
0 0 0 0 0 0 0 0 0 0 0 0 0 0 0 0 0 0 0 0 
0 0 0 0 0 0 0 0 0 0 0 0 0 0 0 0 0 0 0 0 
0 0 0 0 0 0 0 0 0 0 0 0 0 0 0 0 0 0 0 0 
0 0 0 0 0 0 0 0 0 0 0 0 0 0 0 0 0 0 0 0 
0 0 0 0 0 0 0 0 0 0 0 0 0 0 0 0 0 0 0 0 
0 0 0 0 0 0 0 0 0 0 0 0 0 0 0 0 0 0 0 0 
0 0 0 0 0 0 0 0 0 0 0 0 0 0 0 0 0 0 0 0 
0 0 0 0 0 0 0 0 0 0 0 0 0 0 0 0 0 0 0 0 
0 0 0 0 0 0 0 0 0 0 0 0 0 0 0 0 0 0 0 0 
0 0 0 0 0 0 0 0 0 0 0 0 0 0 0 0 0 0 0 0 
0 0 0 0 0 0 0 0 0 0 0 0 0 0 0 0 0 0 0 0 
